QBlade CE v2.0.9.7b_beta windows

 Calculated polar for: CLARK Y AIRFOIL

 1 1 Reynolds number fixed          Mach number fixed         

 xtrf =   1.000 (top)        1.000 (bottom)
 Mach =   0.000     Re =     0.020 e 6     Ncrit =   7.000

alpha    CL       CD       CDp      Cm       TopXtr   BotXtr   Cpmin    Chinge   XCp      
------   ------   ------   ------   ------   ------   ------   ------   ------   ------   
-15.000  -0.4413  0.17296  0.16073  -0.0060  0.0000   0.0000   1.3989   0.0000   0.0000   
-14.500  -0.4338  0.17167  0.15956  -0.0080  0.0000   0.0000   1.3979   0.0000   0.0000   
-14.000  -0.4231  0.16894  0.15689  -0.0094  0.0000   0.0000   1.3796   0.0000   0.0000   
-13.500  -0.4099  0.16436  0.15239  -0.0105  0.0000   0.0000   1.3487   0.0000   0.0000   
-13.000  -0.3772  0.15285  0.14090  -0.0114  0.0000   0.0000   1.2718   0.0000   0.0000   
-12.500  -0.3631  0.14825  0.13637  -0.0119  0.0000   0.0000   1.2404   0.0000   0.0000   
-12.000  -0.3548  0.14501  0.13323  -0.0121  0.0000   0.0000   1.2171   0.0000   0.0000   
-11.500  -0.3390  0.13905  0.12729  -0.0124  0.0000   0.0000   1.1802   0.0000   0.0000   
-11.000  -0.2303  0.12490  0.11398  -0.0205  0.0000   0.0000   0.9233   0.0000   0.0000   
-10.500  -0.3056  0.12741  0.11578  -0.0119  0.0000   0.0000   1.1035   0.0000   0.0000   
-10.000  -0.2966  0.12353  0.11199  -0.0104  0.0000   0.0000   1.0702   0.0000   0.0000   
-9.500   -0.2783  0.11753  0.10606  -0.0093  0.0000   0.0000   1.0379   0.0000   0.0000   
-9.000   -0.2344  0.10752  0.09600  -0.0096  0.0000   0.0000   0.9641   0.0000   0.0000   
-6.500   -0.4076  0.09135  0.08124  -0.0211  0.0000   0.0000   1.5126   0.0000   0.0000   
-6.000   -0.4286  0.08479  0.07478  -0.0233  0.0000   0.0000   1.6083   0.0000   0.0000   
-5.500   -0.4262  0.07808  0.06810  -0.0227  0.0000   0.0000   1.6105   0.0000   0.0000   
-5.000   -0.4269  0.07026  0.05995  -0.0272  0.0000   0.0000   1.6837   0.0000   0.0000   
-4.500   -0.4075  0.06332  0.05261  -0.0289  0.0000   0.0000   1.6812   0.0000   0.0000   
-4.000   -0.3769  0.05656  0.04524  -0.0318  0.0000   0.0000   1.6817   0.0000   0.0000   
-3.500   -0.3356  0.05063  0.03838  -0.0350  0.0000   0.0000   1.6578   0.0000   0.0000   
-3.000   -0.2925  0.04647  0.03358  -0.0359  0.0000   0.0000   1.5823   0.0000   0.0000   
-2.500   -0.2460  0.04321  0.02975  -0.0365  0.0000   0.0000   1.5242   0.0000   0.0000   
-2.000   -0.1973  0.04032  0.02639  -0.0367  0.0000   0.0000   1.4646   0.0000   0.0000   
-1.500   -0.1552  0.03736  0.02396  -0.0345  0.0000   0.0000   1.3985   0.0000   0.0000   
-1.000   -0.1104  0.03239  0.02089  -0.0299  0.0000   0.0000   1.3523   0.0000   0.0000   
-0.500   -0.0676  0.03324  0.02007  -0.0309  0.0000   0.0000   1.2196   0.0000   0.0000   
0.000    -0.0324  0.03428  0.02017  -0.0304  0.0000   0.0000   1.0766   0.0000   0.0000   
0.500    0.0005   0.03551  0.02075  -0.0298  0.0000   0.0000   0.9508   0.0000   0.0000   
1.000    0.0316   0.03693  0.02165  -0.0292  0.0000   0.0000   0.8394   0.0000   0.0000   
1.500    0.0607   0.03855  0.02288  -0.0287  0.0000   0.0000   0.7320   0.0000   0.0000   
2.000    0.0877   0.04040  0.02444  -0.0283  0.0000   0.0000   0.6299   0.0000   0.0000   
2.500    0.1263   0.04310  0.02689  -0.0306  0.0000   0.0000   0.5265   0.0000   0.0000   
3.000    0.2245   0.04852  0.03194  -0.0430  0.0000   0.0000   0.5879   0.0000   0.0000   
3.500    0.3003   0.05300  0.03623  -0.0509  0.0000   0.0000   0.6393   0.0000   0.0000   
4.000    0.3607   0.05701  0.04016  -0.0558  0.0000   0.0000   0.6844   0.0000   0.0000   
4.500    0.4109   0.06090  0.04404  -0.0590  0.0000   0.0000   0.7261   0.0000   0.0000   
5.000    0.4681   0.06519  0.04835  -0.0628  0.0000   0.0000   0.7824   0.0000   0.0000   
5.500    0.4920   0.06894  0.05219  -0.0625  0.0000   0.0000   0.8270   0.0000   0.0000   
6.000    0.5240   0.07302  0.05637  -0.0631  0.0000   0.0000   0.8827   0.0000   0.0000   
6.500    0.5500   0.07740  0.06091  -0.0634  0.0000   0.0000   0.9339   0.0000   0.0000   
7.000    0.5803   0.08190  0.06557  -0.0640  0.0000   0.0000   0.9902   0.0000   0.0000   
7.500    0.5994   0.08651  0.07035  -0.0639  0.0000   0.0000   1.0290   0.0000   0.0000   
8.000    0.6252   0.09137  0.07541  -0.0643  0.0000   0.0000   1.0833   0.0000   0.0000   
8.500    0.6521   0.09637  0.08071  -0.0645  0.0000   0.0000   1.1370   0.0000   0.0000   
9.000    0.6658   0.10130  0.08586  -0.0642  0.0000   0.0000   1.1655   0.0000   0.0000   
9.500    0.6786   0.10616  0.09094  -0.0639  0.0000   0.0000   1.1880   0.0000   0.0000   
10.000   0.7085   0.11154  0.09658  -0.0641  0.0000   0.0000   1.2342   0.0000   0.0000   
10.500   0.7182   0.11691  0.10216  -0.0644  0.0000   0.0000   1.2450   0.0000   0.0000   
11.000   0.7463   0.12252  0.10801  -0.0643  0.0000   0.0000   1.2918   0.0000   0.0000   
12.000   0.7654   0.13286  0.11881  -0.0655  0.0000   0.0000   1.3770   0.0000   0.0000   
12.500   0.7743   0.14054  0.12666  -0.0691  0.0000   0.0000   1.4277   0.0000   0.0000   
14.500   0.7875   0.16081  0.14751  -0.0863  0.0000   0.0000   1.5242   0.0000   0.0000   


